1 0.04201070
2 0.01690707
3 0.01327867
4 0.01127194
5 0.00981707
6 0.00878690
7 0.00807375
8 0.00758894
9 0.00706865
10 0.00678181
11 0.00643630
12 0.00619673
13 0.00597400
14 0.00573162
15 0.00561160
16 0.00550386
17 0.00527525
18 0.00515036
19 0.00503180
20 0.00494768
21 0.00487266
22 0.00467597
23 0.00460627
24 0.00450896
25 0.00447731
26 0.00444192
27 0.00428506
28 0.00418957
29 0.00409075
30 0.00400551
31 0.00390261
32 0.00394917
33 0.00380848
34 0.00378090
35 0.00365268
36 0.00359673
37 0.00349310
38 0.00346313
39 0.00344991
40 0.00334837
