1 0.38525468
2 0.37259825
3 0.36947973
4 0.36802682
5 0.36677455
6 0.36604818
7 0.36508223
8 0.36506713
9 0.36430575
10 0.36335077
11 0.36348631
12 0.36345344
13 0.36306689
14 0.36278415
15 0.36263614
16 0.36234869
17 0.36208369
18 0.36199633
19 0.36134195
20 0.36144490
21 0.36119563
22 0.36092625
23 0.36112935
24 0.36091983
25 0.36046642
26 0.36050463
27 0.36063455
28 0.36001943
29 0.35982131
30 0.35941379
31 0.35942685
32 0.35920039
33 0.35948333
34 0.35913813
35 0.35877554
36 0.35865197
37 0.35903206
38 0.35846883
39 0.35866945
40 0.35825701
