1 0.07336890
2 0.04787680
3 0.04007255
4 0.03650245
5 0.03421156
6 0.03280155
7 0.03182482
8 0.03135214
9 0.03026392
10 0.02984884
11 0.02954215
12 0.02919896
13 0.02884437
14 0.02853244
15 0.02850649
16 0.02830731
17 0.02791804
18 0.02773458
19 0.02739042
20 0.02733532
21 0.02746296
22 0.02718941
23 0.02706209
24 0.02683128
25 0.02680362
26 0.02644228
27 0.02665171
28 0.02630004
29 0.02627596
30 0.02616696
31 0.02629570
32 0.02603129
33 0.02611569
34 0.02575279
35 0.02588234
36 0.02582810
37 0.02584186
38 0.02538774
39 0.02550721
40 0.02549671
