1 0.06367269
2 0.03319656
3 0.02070871
4 0.01574184
5 0.01371186
6 0.01240845
7 0.01154704
8 0.01085400
9 0.01027411
10 0.00959217
11 0.00918655
12 0.00877186
13 0.00854180
14 0.00806372
15 0.00785263
16 0.00761670
17 0.00742732
18 0.00725874
19 0.00709990
20 0.00685619
21 0.00679662
22 0.00648828
23 0.00630105
24 0.00620933
25 0.00613850
26 0.00600407
27 0.00585808
28 0.00587047
29 0.00562999
30 0.00565430
31 0.00557743
32 0.00547571
33 0.00535823
34 0.00534606
35 0.00518751
36 0.00520809
37 0.00511262
38 0.00517607
39 0.00499267
40 0.00504227
